5118.420453704589
1002.9718640557553
585.7098798429728
423.89253575331594
344.5944294044166
295.7904395153105
263.7269986934416
240.7937927794203
220.8566887857843
206.43079258110302
194.72384653573695
185.29230562834002
176.125920946328
167.31241508116582
161.99267373242515
154.7863484715588
148.89404866783937
145.71846348786892
141.08935582048304
136.46429713819205
133.07484217610104
128.7506726539542
127.12993920367697
123.80993967524303
120.88646718267408
118.12564027102542
116.54603227738859
113.79144651673138
110.82837620162323
109.02334332079067
106.56268100156605
105.85002487465214
102.97121863072434
102.05536837265504
100.2066130288436
98.71113698111917
97.89996032337574
96.58331774882271
94.51781628447296
93.86726367097667
92.75000417256983
91.38057379830259
89.88053645783339
88.67961053764627
87.0872787554599
86.88386202000886
85.7390137761581
84.88220438696507
84.05465959679572
82.65204116092019
