3929.5163516437306
1221.0617360227247
794.2762243747711
635.8150739108814
559.4815058147205
521.3572246747858
471.04273143936604
438.94180085378537
406.15703130469603
386.20064731906444
357.03273523555083
340.4905690165127
320.04807880345516
302.5454806580263
285.58922010309556
272.2872958954643
264.5234042055467
254.49228326012107
235.73633129456465
231.61022884705488
221.6371854543686
211.88952892668107
204.64691292187746
197.87729879687814
189.46077510188607
186.3534280131845
177.65933948054032
170.62928977082757
167.7045332719298
160.63431088012808
155.74482016002432
151.82862002358718
145.8027760141036
146.58682576698416
139.97494647783392
134.68249203352366
132.31496189271704
130.6482009607203
125.6036379793111
122.22286945055512
