54.86233168881561
28.56972726500508
21.674530958857947
18.33879146671135
16.641237720666393
15.379568509277867
14.499733315628173
13.85520763178329
13.31777646782283
12.833033374584216
12.440002927897604
12.090574138977342
11.77978873946903
11.526303330293496
11.285860406260234
11.055683837828518
10.858931059934328
10.652990709202662
10.52604500191673
10.358329169940184
10.20074274391353
10.040709332490861
9.94802663964241
9.800424041043335
9.731612444524556
9.591831752781905
9.502314120158484
9.362093412313339
9.222848751892414
9.1417580276622
9.059290320287335
9.025488473315095
8.905455289858672
8.860873089483546
8.789137765417617
8.68864291580472
8.621237753242404
8.593333565181128
8.513365869180417
8.444680731673364
8.394853401593384
8.29298331362028
8.236110946628935
8.187483759753004
8.158800458925876
8.072848507574545
8.047114441768072
7.988280138922263
7.959421096174635
7.899830077472608
7.880524883365471
7.8254504959226034
7.78482628108895
7.760247533102048
7.690515300012565
7.650008251738651
7.610075030026095
7.576944024911188
7.568174567834769
7.500183450127965
7.450500413961743
7.446144913132232
7.410677285687339
7.375179154989901
7.327445596339743
7.261184364184667
7.26145363129838
7.295417998859877
7.1955743819213795
7.175092357778576
7.145549199456131
7.167279683335723
7.107933077289
7.051968024323783
7.0197569511790485
7.027865378708509
6.9759935731651135
6.97530807797467
6.918260371713946
6.921707043186856
6.889227006479439
6.841202138719952
6.837443843798131
6.800153418138059
6.778956149224582
6.75619054873903
6.78669215300831
6.720243291415303
6.681908401341375
6.671993402229981
6.65990408188951
6.64209465732279
6.594962838025742
6.573702436148353
6.572550304502355
6.531641022663861
6.535046173801483
6.513191511836108
6.5184692855779085
6.4875768513616325
6.5147216864365385
6.435011669378891
6.408233912851099
6.394514457194924
6.384261089132935
6.385620583769857
6.320940846314869
6.348530378397731
6.338957584311344
6.306477447102421
6.312880147880395
6.287698278388863
6.236262855055529
6.214555873468665
6.194155565614374
6.2182429751746575
6.202686366226985
6.166283921533433
6.1802670825526524
6.147763234351326
6.117024094761697
6.10603581557725
6.143165304425448
6.0888899911760195
6.072417952049399
6.041230379233811
6.034737823057984
6.055602510132481
6.020904444429185
6.018444817176081
6.011721027900666
5.978690492515133
5.966468919033122
5.98408359401505
5.956360421689683
5.938655792610217
5.910212204291274
5.917710116937726
5.910091359816863
5.882148820621173
5.863340247142313
5.857571308504714
5.854041994719124
5.849488940272765
5.818110777629269
5.779697169250329
5.773203331802647
5.767845155432456
5.7557560215024814
5.761112072793021
5.751776503524488
5.73546516590542
5.728661496173448
5.710618887870342
5.715143675634189
5.693887532880711
5.639812052216541
5.637161981616809
5.652130523553689
5.622761883760571
5.6080918753407385
5.615583934130386
5.6290210203840605
5.587295977075858
5.5546980886277835
5.558359147408356
5.5541223877734005
5.532198698134938
5.542881159133755
5.531468925235386
5.496277798932754
5.500503872463698
5.505487569645506
5.487312386564898
5.47954757944553
5.474937685324777
5.466104544038803
5.446908858123167
5.441782778246809
5.408423457823709
5.433714581828305
5.370041996946885
5.3882412184950885
5.385923972357163
5.36271010917344
5.369331145157541
5.335375436296835
5.351993626757642
5.339094382009526
5.2996318403921325
5.310702664835682
5.322277176989662
5.3294535833722865
5.28941205151158
5.297099292155944
5.258928290942107
5.2683111897910075
5.26018801914887
5.252664641427291
5.268524750130104
5.233097052769911
5.190043641573726
5.1925628295049755
5.179848406692565
5.218257310987075
5.178889738043023
5.169726891289853
5.148004124159687
5.165385204768265
5.152007382014813
5.141072044134096
5.163515557813921
5.127931857536168
5.126808310871939
5.105566943552672
5.129350250115211
5.095244452387878
5.09155564398035
5.06243971047461
5.060257033639756
5.065267948021883
5.077341458716929
5.035577313171258
5.060723593206543
5.04410047363403
5.022246018833446
4.992153659343364
5.0372880919252365
5.002385620740306
4.999058298653999
5.010040707220269
4.996017780715927
4.978028600841878
4.966106254900096
4.976111933541712
4.980656128773651
4.946736429204334
4.926558899599173
4.907938893183018
4.9144870868746215
4.932007797475314
4.899576734219676
4.893100872527398
4.895839892242978
4.894895316338134
4.879545198467423
4.86000385746446
4.863381627669728
4.870089593741582
4.852900200113473
4.85867761655805
4.845796420728122
4.842462412210782
4.835468689849026
4.829307009722675
4.8092508132855025
4.80344259492006
4.812085295284077
4.785697744272609
4.809837018838456
4.802408796767954
4.787296439089155
4.779239306600709
4.751312730305229
4.749664196762983
4.756428438172587
4.745512567409096
4.729367493960279
4.742703178687913
4.731627772683683
4.72583963088434
4.702782594294529
4.718527388419204
4.718169452228037
4.729772792642832
4.664684596102192
4.7102723439742125
4.697951727392603
4.661811812463637
4.67523811811786
4.673595207009793
4.644158088142112
4.628429143258408
4.661880521993179
4.633791560567477
4.6335443678932595
4.618609488911316
4.625072317351199
4.616582951732126
4.6053826275835466
4.617425530520498
4.6070603113451165
4.588825728459954
4.571513730112931
4.589624134422928
4.568460018460398
4.6110833962699065
4.549789686137603
4.543078317306762
4.567062760582831
