39813.90241261521
37205.70152416429
36152.066736444096
14539.145012661553
1416.751576188923
1287.0832383153743
1195.561951139237
1136.3856332992953
1031.7784065131796
988.1326689934284
951.0588184627009
914.1910699713144
924.1576338584324
887.1073182617412
872.9876855771578
844.6073162639211
822.5323622109793
816.8424220700152
793.631916765095
781.9052181855071
767.1821897766737
743.8324030232892
741.702809656366
713.9317151577092
710.8832967610751
675.8627624056076
666.8412671442405
658.7391888421425
647.2334159166733
643.3612194909039
633.2758490090475
635.7837315028497
630.4248350894148
619.9609435880939
607.2993066922879
599.8665156734104
587.0244637416263
579.0400749338854
578.7474525638298
567.3969755530891
556.3593578870937
552.9134875694372
546.6052090474079
537.4505479855777
531.1461283021232
504.40710136927925
490.2324652837751
481.20123074585115
475.4743865567233
470.2005630954065
