39813.90240072643
37205.114609428834
11794.760697106865
1498.7437905788804
1296.8404857021694
1211.2220764265305
1196.0276201676868
1125.5997039419892
1065.790099042667
972.6332510390347
907.366729210586
894.2704301253381
847.010488695675
818.7866910384829
797.1559182917659
781.2118977329495
757.3354094375956
742.3862469209737
724.8880270032093
713.0981635035309
698.6202966653481
681.9883158964063
673.8370590516644
659.4444517024119
649.7595946098478
640.1513842355648
634.7996501385912
628.5159477127862
622.6899364677789
613.7082195691623
595.1025335159205
584.655328749077
574.6697525387176
569.3259241786058
563.1476467102339
555.5660229086315
547.5262545490014
541.5754901697157
535.9960553953592
531.0138280554619
525.2895989550013
521.0122361696313
517.8470892511335
514.1765482481824
509.9741613533298
507.02450186143557
500.95920757706847
496.29101020459865
493.5026261730639
489.4930443159677
484.12810416203547
480.632148140701
470.27013975445516
456.75062864563614
449.014122747945
441.2969810509498
435.4611386734733
429.9945654053632
424.96297513979977
419.729724572531
414.7071149937113
411.05639213298264
404.7754345314777
397.1804004334905
381.1604947403075
370.6781503044944
362.622698598879
355.89860028553545
348.5667159655645
341.11762990586806
332.41489352043016
327.39273029580187
319.17174468429846
306.96499985072427
300.18784811576967
