48.90652680152342
27.29594240484008
20.58859143592591
17.478417443348235
15.12544906884571
13.460977215979566
12.23204465614457
11.137260671871148
10.327189865608807
9.607012975703071
9.047887675573987
8.53906557132424
8.179255640936066
7.748951704650255
7.510227635405495
7.125561809379633
6.900828253602243
6.700145530887539
6.476039985463476
6.349788051640104
6.193681399998858
6.000476614266417
5.890665119186803
5.753386831479323
5.623254351238636
5.536260100282113
5.433534050414891
5.347064379881425
5.227235422714541
5.176920274674703
5.0709881550742075
4.974677856532601
4.903574217653782
4.866070509835574
4.762561444238309
4.706299939291716
4.62775835317559
4.556707746614648
4.495247964728655
4.462257596400496
4.363401137619104
4.329891490633751
4.299486774064908
4.22425362478332
4.19271448556557
4.109330255119052
4.085444334138795
4.017530670293255
3.9818294868804687
3.977991970890292
