2356.5409286222102
701.0662313488032
510.6065701432757
427.73293186663597
356.6828294057778
318.46135534036307
277.5805655097567
252.70875856385078
230.73909073699733
212.84536500900552
194.6018118841906
181.07016462855796
167.73066345423413
159.81109494262526
151.20477521805662
145.74413831103075
136.2728558975665
135.24347706835707
126.30044099398928
124.45766015275166
115.99650717866083
112.85534087877123
107.20930113924966
106.70592006671957
104.44195744921743
97.70294222425325
97.25465439227486
94.51600536554128
92.15679365548489
90.10144878972845
