6462.362184271713
3077.3005168484515
2004.1316238427858
1544.5943771421896
1223.3341503568333
994.9079917453772
828.1020254130312
713.7181562094642
632.7190054646586
577.3287865717384
530.5390603599838
493.3909367833662
461.411236746131
441.20346864086446
422.4470405718827
400.9603965929287
390.7727537928519
370.38089069793233
356.36262349032984
348.1102530928335
332.532377274152
318.849845433164
316.85915616887917
306.7045367166636
305.53791873317573
289.8575112605517
284.44648084984465
275.87116973196913
268.2092566697208
267.39525855362564
