48.19444821231911
26.750237353414402
20.6533597590074
17.686400536615295
15.331240369482124
13.68480299706556
12.606919514908233
11.702231230008822
10.843534581050385
10.247970759012201
9.655465347906128
9.134258445574067
8.692728980794552
8.299797750426931
8.013203599844925
7.605825421992112
7.34757131895349
7.143421748298877
6.939020513865369
6.7481878521416165
6.564448318011637
6.413205982433547
6.26479882757084
6.110367223806714
5.986823944285592
5.881704196442328
5.731625098527245
5.61101026380656
5.503579143691272
5.407346854861224
5.309435083975563
5.222563672052388
5.088349848724297
5.00797243053999
4.954410890007802
4.845983461693922
4.827120317777028
4.707625014565289
4.651403216856099
4.675100233121514
