4562.174065563396
1480.1759186176605
946.7869968322291
743.4208058051178
632.0999007397018
577.7254525869708
529.7969988930946
506.58596791241763
474.40801811612613
449.65326438814424
427.2083208577923
410.8048892609421
393.8566480268973
381.8059734201639
364.5361008156641
354.00002807785444
344.66786265356797
329.03133827523203
318.3290640797912
312.3869559500318
302.48968887416737
293.57847851806474
284.6597780262276
278.09997403657275
270.31563821201513
262.4000696821539
257.1640591278532
251.32680128339842
243.3778204642957
238.90917284856192
